2021/09/18-17:47:07.921229 7fbdf7e5dc80 RocksDB version: 6.17.3
2021/09/18-17:47:07.921249 7fbdf7e5dc80 Git sha rocksdb_build_git_sha:@09c7e96eac1ab983f97ce9e0406730b8014b3398@
2021/09/18-17:47:07.921250 7fbdf7e5dc80 Compile date Aug 11 2021
2021/09/18-17:47:07.921303 7fbdf7e5dc80 DB SUMMARY
2021/09/18-17:47:07.921305 7fbdf7e5dc80 DB Session ID:  U0YI6EVL6IFDHTWB3QVH
2021/09/18-17:47:07.921327 7fbdf7e5dc80 CURRENT file:  CURRENT
2021/09/18-17:47:07.921329 7fbdf7e5dc80 IDENTITY file:  IDENTITY
2021/09/18-17:47:07.921333 7fbdf7e5dc80 MANIFEST file:  MANIFEST-000003 size: 1376 Bytes
2021/09/18-17:47:07.921335 7fbdf7e5dc80 SST files in test-ledger/rocksdb dir, Total Num: 0, files: 
2021/09/18-17:47:07.921336 7fbdf7e5dc80 Write Ahead Log file in test-ledger/rocksdb: 000004.log size: 3918 ; 
2021/09/18-17:47:07.921338 7fbdf7e5dc80                         Options.error_if_exists: 0
2021/09/18-17:47:07.921340 7fbdf7e5dc80                       Options.create_if_missing: 1
2021/09/18-17:47:07.921341 7fbdf7e5dc80                         Options.paranoid_checks: 1
2021/09/18-17:47:07.921343 7fbdf7e5dc80                               Options.track_and_verify_wals_in_manifest: 0
2021/09/18-17:47:07.921344 7fbdf7e5dc80                                     Options.env: 0x563c41abd2c0
2021/09/18-17:47:07.921345 7fbdf7e5dc80                                      Options.fs: Posix File System
2021/09/18-17:47:07.921346 7fbdf7e5dc80                                Options.info_log: 0x563c42b4e870
2021/09/18-17:47:07.921347 7fbdf7e5dc80                Options.max_file_opening_threads: 16
2021/09/18-17:47:07.921347 7fbdf7e5dc80                              Options.statistics: (nil)
2021/09/18-17:47:07.921348 7fbdf7e5dc80                               Options.use_fsync: 0
2021/09/18-17:47:07.921349 7fbdf7e5dc80                       Options.max_log_file_size: 0
2021/09/18-17:47:07.921350 7fbdf7e5dc80                  Options.max_manifest_file_size: 1073741824
2021/09/18-17:47:07.921350 7fbdf7e5dc80                   Options.log_file_time_to_roll: 0
2021/09/18-17:47:07.921351 7fbdf7e5dc80                       Options.keep_log_file_num: 1000
2021/09/18-17:47:07.921352 7fbdf7e5dc80                    Options.recycle_log_file_num: 0
2021/09/18-17:47:07.921353 7fbdf7e5dc80                         Options.allow_fallocate: 1
2021/09/18-17:47:07.921353 7fbdf7e5dc80                        Options.allow_mmap_reads: 0
2021/09/18-17:47:07.921354 7fbdf7e5dc80                       Options.allow_mmap_writes: 0
2021/09/18-17:47:07.921355 7fbdf7e5dc80                        Options.use_direct_reads: 0
2021/09/18-17:47:07.921355 7fbdf7e5dc80                        Options.use_direct_io_for_flush_and_compaction: 0
2021/09/18-17:47:07.921356 7fbdf7e5dc80          Options.create_missing_column_families: 1
2021/09/18-17:47:07.921357 7fbdf7e5dc80                              Options.db_log_dir: 
2021/09/18-17:47:07.921358 7fbdf7e5dc80                                 Options.wal_dir: test-ledger/rocksdb
2021/09/18-17:47:07.921359 7fbdf7e5dc80                Options.table_cache_numshardbits: 6
2021/09/18-17:47:07.921360 7fbdf7e5dc80                         Options.WAL_ttl_seconds: 0
2021/09/18-17:47:07.921361 7fbdf7e5dc80                       Options.WAL_size_limit_MB: 0
2021/09/18-17:47:07.921363 7fbdf7e5dc80                        Options.max_write_batch_group_size_bytes: 1048576
2021/09/18-17:47:07.921364 7fbdf7e5dc80             Options.manifest_preallocation_size: 4194304
2021/09/18-17:47:07.921365 7fbdf7e5dc80                     Options.is_fd_close_on_exec: 1
2021/09/18-17:47:07.921367 7fbdf7e5dc80                   Options.advise_random_on_open: 1
2021/09/18-17:47:07.921367 7fbdf7e5dc80                    Options.db_write_buffer_size: 0
2021/09/18-17:47:07.921368 7fbdf7e5dc80                    Options.write_buffer_manager: 0x563c42caea30
2021/09/18-17:47:07.921369 7fbdf7e5dc80         Options.access_hint_on_compaction_start: 1
2021/09/18-17:47:07.921369 7fbdf7e5dc80  Options.new_table_reader_for_compaction_inputs: 0
2021/09/18-17:47:07.921370 7fbdf7e5dc80           Options.random_access_max_buffer_size: 1048576
2021/09/18-17:47:07.921371 7fbdf7e5dc80                      Options.use_adaptive_mutex: 0
2021/09/18-17:47:07.921381 7fbdf7e5dc80                            Options.rate_limiter: (nil)
2021/09/18-17:47:07.921383 7fbdf7e5dc80     Options.sst_file_manager.rate_bytes_per_sec: 0
2021/09/18-17:47:07.921383 7fbdf7e5dc80                       Options.wal_recovery_mode: 2
2021/09/18-17:47:07.921384 7fbdf7e5dc80                  Options.enable_thread_tracking: 0
2021/09/18-17:47:07.921385 7fbdf7e5dc80                  Options.enable_pipelined_write: 0
2021/09/18-17:47:07.921385 7fbdf7e5dc80                  Options.unordered_write: 0
2021/09/18-17:47:07.921386 7fbdf7e5dc80         Options.allow_concurrent_memtable_write: 1
2021/09/18-17:47:07.921387 7fbdf7e5dc80      Options.enable_write_thread_adaptive_yield: 1
2021/09/18-17:47:07.921387 7fbdf7e5dc80             Options.write_thread_max_yield_usec: 100
2021/09/18-17:47:07.921388 7fbdf7e5dc80            Options.write_thread_slow_yield_usec: 3
2021/09/18-17:47:07.921389 7fbdf7e5dc80                               Options.row_cache: None
2021/09/18-17:47:07.921389 7fbdf7e5dc80                              Options.wal_filter: None
2021/09/18-17:47:07.921390 7fbdf7e5dc80             Options.avoid_flush_during_recovery: 0
2021/09/18-17:47:07.921391 7fbdf7e5dc80             Options.allow_ingest_behind: 0
2021/09/18-17:47:07.921392 7fbdf7e5dc80             Options.preserve_deletes: 0
2021/09/18-17:47:07.921392 7fbdf7e5dc80             Options.two_write_queues: 0
2021/09/18-17:47:07.921393 7fbdf7e5dc80             Options.manual_wal_flush: 0
2021/09/18-17:47:07.921394 7fbdf7e5dc80             Options.atomic_flush: 0
2021/09/18-17:47:07.921394 7fbdf7e5dc80             Options.avoid_unnecessary_blocking_io: 0
2021/09/18-17:47:07.921395 7fbdf7e5dc80                 Options.persist_stats_to_disk: 0
2021/09/18-17:47:07.921396 7fbdf7e5dc80                 Options.write_dbid_to_manifest: 0
2021/09/18-17:47:07.921396 7fbdf7e5dc80                 Options.log_readahead_size: 0
2021/09/18-17:47:07.921397 7fbdf7e5dc80                 Options.file_checksum_gen_factory: Unknown
2021/09/18-17:47:07.921398 7fbdf7e5dc80                 Options.best_efforts_recovery: 0
2021/09/18-17:47:07.921398 7fbdf7e5dc80                Options.max_bgerror_resume_count: 2147483647
2021/09/18-17:47:07.921399 7fbdf7e5dc80            Options.bgerror_resume_retry_interval: 1000000
2021/09/18-17:47:07.921400 7fbdf7e5dc80             Options.allow_data_in_errors: 0
2021/09/18-17:47:07.921401 7fbdf7e5dc80             Options.db_host_id: __hostname__
2021/09/18-17:47:07.921401 7fbdf7e5dc80             Options.max_background_jobs: 8
2021/09/18-17:47:07.921402 7fbdf7e5dc80             Options.max_background_compactions: -1
2021/09/18-17:47:07.921403 7fbdf7e5dc80             Options.max_subcompactions: 1
2021/09/18-17:47:07.921403 7fbdf7e5dc80             Options.avoid_flush_during_shutdown: 0
2021/09/18-17:47:07.921404 7fbdf7e5dc80           Options.writable_file_max_buffer_size: 1048576
2021/09/18-17:47:07.921405 7fbdf7e5dc80             Options.delayed_write_rate : 16777216
2021/09/18-17:47:07.921405 7fbdf7e5dc80             Options.max_total_wal_size: 4294967296
2021/09/18-17:47:07.921406 7fbdf7e5dc80             Options.delete_obsolete_files_period_micros: 21600000000
2021/09/18-17:47:07.921407 7fbdf7e5dc80                   Options.stats_dump_period_sec: 600
2021/09/18-17:47:07.921408 7fbdf7e5dc80                 Options.stats_persist_period_sec: 600
2021/09/18-17:47:07.921408 7fbdf7e5dc80                 Options.stats_history_buffer_size: 1048576
2021/09/18-17:47:07.921409 7fbdf7e5dc80                          Options.max_open_files: -1
2021/09/18-17:47:07.921410 7fbdf7e5dc80                          Options.bytes_per_sync: 0
2021/09/18-17:47:07.921410 7fbdf7e5dc80                      Options.wal_bytes_per_sync: 0
2021/09/18-17:47:07.921411 7fbdf7e5dc80                   Options.strict_bytes_per_sync: 0
2021/09/18-17:47:07.921412 7fbdf7e5dc80       Options.compaction_readahead_size: 0
2021/09/18-17:47:07.921412 7fbdf7e5dc80                  Options.max_background_flushes: -1
2021/09/18-17:47:07.921418 7fbdf7e5dc80 Compression algorithms supported:
2021/09/18-17:47:07.921419 7fbdf7e5dc80 	kZSTDNotFinalCompression supported: 0
2021/09/18-17:47:07.921420 7fbdf7e5dc80 	kZSTD supported: 0
2021/09/18-17:47:07.921421 7fbdf7e5dc80 	kXpressCompression supported: 0
2021/09/18-17:47:07.921421 7fbdf7e5dc80 	kLZ4HCCompression supported: 1
2021/09/18-17:47:07.921422 7fbdf7e5dc80 	kLZ4Compression supported: 1
2021/09/18-17:47:07.921423 7fbdf7e5dc80 	kBZip2Compression supported: 0
2021/09/18-17:47:07.921424 7fbdf7e5dc80 	kZlibCompression supported: 0
2021/09/18-17:47:07.921424 7fbdf7e5dc80 	kSnappyCompression supported: 0
2021/09/18-17:47:07.921426 7fbdf7e5dc80 Fast CRC32 supported: Supported on x86
2021/09/18-17:47:07.921484 7fbdf7e5dc80 [db/version_set.cc:4757] Recovering from manifest file: test-ledger/rocksdb/MANIFEST-000003
2021/09/18-17:47:07.921575 7fbdf7e5dc80 [db/column_family.cc:597] --------------- Options for column family [default]:
2021/09/18-17:47:07.921577 7fbdf7e5dc80               Options.comparator: leveldb.BytewiseComparator
2021/09/18-17:47:07.921578 7fbdf7e5dc80           Options.merge_operator: None
2021/09/18-17:47:07.921578 7fbdf7e5dc80        Options.compaction_filter: None
2021/09/18-17:47:07.921579 7fbdf7e5dc80        Options.compaction_filter_factory: None
2021/09/18-17:47:07.921580 7fbdf7e5dc80  Options.sst_partitioner_factory: None
2021/09/18-17:47:07.921580 7fbdf7e5dc80         Options.memtable_factory: SkipListFactory
2021/09/18-17:47:07.921581 7fbdf7e5dc80            Options.table_factory: BlockBasedTable
2021/09/18-17:47:07.921600 7fbdf7e5dc80            table_factory options:   flush_block_policy_factory: FlushBlockBySizePolicyFactory (0x563c42c4f120)
  cache_index_and_filter_blocks: 0
  cache_index_and_filter_blocks_with_high_priority: 1
  pin_l0_filter_and_index_blocks_in_cache: 0
  pin_top_level_index_and_filter: 1
  index_type: 0
  data_block_index_type: 0
  index_shortening: 1
  data_block_hash_table_util_ratio: 0.750000
  hash_index_allow_collision: 1
  checksum: 1
  no_block_cache: 0
  block_cache: 0x563c42c45220
  block_cache_name: LRUCache
  block_cache_options:
    capacity : 8388608
    num_shard_bits : 4
    strict_capacity_limit : 0
    memory_allocator : None
    high_pri_pool_ratio: 0.000
  block_cache_compressed: (nil)
  persistent_cache: (nil)
  block_size: 4096
  block_size_deviation: 10
  block_restart_interval: 16
  index_block_restart_interval: 1
  metadata_block_size: 4096
  partition_filters: 0
  use_delta_encoding: 1
  filter_policy: nullptr
  whole_key_filtering: 1
  verify_compression: 0
  read_amp_bytes_per_bit: 0
  format_version: 4
  enable_index_compression: 1
  block_align: 0
2021/09/18-17:47:07.921601 7fbdf7e5dc80        Options.write_buffer_size: 67108864
2021/09/18-17:47:07.921602 7fbdf7e5dc80  Options.max_write_buffer_number: 2
2021/09/18-17:47:07.921603 7fbdf7e5dc80          Options.compression: NoCompression
2021/09/18-17:47:07.921603 7fbdf7e5dc80                  Options.bottommost_compression: Disabled
2021/09/18-17:47:07.921604 7fbdf7e5dc80       Options.prefix_extractor: nullptr
2021/09/18-17:47:07.921605 7fbdf7e5dc80   Options.memtable_insert_with_hint_prefix_extractor: nullptr
2021/09/18-17:47:07.921606 7fbdf7e5dc80             Options.num_levels: 7
2021/09/18-17:47:07.921606 7fbdf7e5dc80        Options.min_write_buffer_number_to_merge: 1
2021/09/18-17:47:07.921607 7fbdf7e5dc80     Options.max_write_buffer_number_to_maintain: 0
2021/09/18-17:47:07.921608 7fbdf7e5dc80     Options.max_write_buffer_size_to_maintain: 0
2021/09/18-17:47:07.921608 7fbdf7e5dc80            Options.bottommost_compression_opts.window_bits: -14
2021/09/18-17:47:07.921609 7fbdf7e5dc80                  Options.bottommost_compression_opts.level: 32767
2021/09/18-17:47:07.921610 7fbdf7e5dc80               Options.bottommost_compression_opts.strategy: 0
2021/09/18-17:47:07.921610 7fbdf7e5dc80         Options.bottommost_compression_opts.max_dict_bytes: 0
2021/09/18-17:47:07.921611 7fbdf7e5dc80         Options.bottommost_compression_opts.zstd_max_train_bytes: 0
2021/09/18-17:47:07.921623 7fbdf7e5dc80         Options.bottommost_compression_opts.parallel_threads: 1
2021/09/18-17:47:07.921625 7fbdf7e5dc80                  Options.bottommost_compression_opts.enabled: false
2021/09/18-17:47:07.921626 7fbdf7e5dc80            Options.compression_opts.window_bits: -14
2021/09/18-17:47:07.921627 7fbdf7e5dc80                  Options.compression_opts.level: 32767
2021/09/18-17:47:07.921628 7fbdf7e5dc80               Options.compression_opts.strategy: 0
2021/09/18-17:47:07.921629 7fbdf7e5dc80         Options.compression_opts.max_dict_bytes: 0
2021/09/18-17:47:07.921629 7fbdf7e5dc80         Options.compression_opts.zstd_max_train_bytes: 0
2021/09/18-17:47:07.921630 7fbdf7e5dc80         Options.compression_opts.parallel_threads: 1
2021/09/18-17:47:07.921631 7fbdf7e5dc80                  Options.compression_opts.enabled: false
2021/09/18-17:47:07.921632 7fbdf7e5dc80      Options.level0_file_num_compaction_trigger: 4
2021/09/18-17:47:07.921632 7fbdf7e5dc80          Options.level0_slowdown_writes_trigger: 20
2021/09/18-17:47:07.921633 7fbdf7e5dc80              Options.level0_stop_writes_trigger: 36
2021/09/18-17:47:07.921634 7fbdf7e5dc80                   Options.target_file_size_base: 67108864
2021/09/18-17:47:07.921634 7fbdf7e5dc80             Options.target_file_size_multiplier: 1
2021/09/18-17:47:07.921635 7fbdf7e5dc80                Options.max_bytes_for_level_base: 268435456
2021/09/18-17:47:07.921636 7fbdf7e5dc80 Options.level_compaction_dynamic_level_bytes: 0
2021/09/18-17:47:07.921636 7fbdf7e5dc80          Options.max_bytes_for_level_multiplier: 10.000000
2021/09/18-17:47:07.921638 7fbdf7e5dc80 Options.max_bytes_for_level_multiplier_addtl[0]: 1
2021/09/18-17:47:07.921639 7fbdf7e5dc80 Options.max_bytes_for_level_multiplier_addtl[1]: 1
2021/09/18-17:47:07.921640 7fbdf7e5dc80 Options.max_bytes_for_level_multiplier_addtl[2]: 1
2021/09/18-17:47:07.921640 7fbdf7e5dc80 Options.max_bytes_for_level_multiplier_addtl[3]: 1
2021/09/18-17:47:07.921641 7fbdf7e5dc80 Options.max_bytes_for_level_multiplier_addtl[4]: 1
2021/09/18-17:47:07.921642 7fbdf7e5dc80 Options.max_bytes_for_level_multiplier_addtl[5]: 1
2021/09/18-17:47:07.921642 7fbdf7e5dc80 Options.max_bytes_for_level_multiplier_addtl[6]: 1
2021/09/18-17:47:07.921643 7fbdf7e5dc80       Options.max_sequential_skip_in_iterations: 8
2021/09/18-17:47:07.921644 7fbdf7e5dc80                    Options.max_compaction_bytes: 1677721600
2021/09/18-17:47:07.921644 7fbdf7e5dc80                        Options.arena_block_size: 8388608
2021/09/18-17:47:07.921645 7fbdf7e5dc80   Options.soft_pending_compaction_bytes_limit: 68719476736
2021/09/18-17:47:07.921646 7fbdf7e5dc80   Options.hard_pending_compaction_bytes_limit: 274877906944
2021/09/18-17:47:07.921647 7fbdf7e5dc80       Options.rate_limit_delay_max_milliseconds: 100
2021/09/18-17:47:07.921647 7fbdf7e5dc80                Options.disable_auto_compactions: 0
2021/09/18-17:47:07.921648 7fbdf7e5dc80                        Options.compaction_style: kCompactionStyleLevel
2021/09/18-17:47:07.921649 7fbdf7e5dc80                          Options.compaction_pri: kMinOverlappingRatio
2021/09/18-17:47:07.921650 7fbdf7e5dc80 Options.compaction_options_universal.size_ratio: 1
2021/09/18-17:47:07.921651 7fbdf7e5dc80 Options.compaction_options_universal.min_merge_width: 2
2021/09/18-17:47:07.921651 7fbdf7e5dc80 Options.compaction_options_universal.max_merge_width: 4294967295
2021/09/18-17:47:07.921652 7fbdf7e5dc80 Options.compaction_options_universal.max_size_amplification_percent: 200
2021/09/18-17:47:07.921653 7fbdf7e5dc80 Options.compaction_options_universal.compression_size_percent: -1
2021/09/18-17:47:07.921654 7fbdf7e5dc80 Options.compaction_options_universal.stop_style: kCompactionStopStyleTotalSize
2021/09/18-17:47:07.921655 7fbdf7e5dc80 Options.compaction_options_fifo.max_table_files_size: 1073741824
2021/09/18-17:47:07.921655 7fbdf7e5dc80 Options.compaction_options_fifo.allow_compaction: 0
2021/09/18-17:47:07.921660 7fbdf7e5dc80                   Options.table_properties_collectors: 
2021/09/18-17:47:07.921668 7fbdf7e5dc80                   Options.inplace_update_support: 0
2021/09/18-17:47:07.921669 7fbdf7e5dc80                 Options.inplace_update_num_locks: 10000
2021/09/18-17:47:07.921669 7fbdf7e5dc80               Options.memtable_prefix_bloom_size_ratio: 0.000000
2021/09/18-17:47:07.921670 7fbdf7e5dc80               Options.memtable_whole_key_filtering: 0
2021/09/18-17:47:07.921671 7fbdf7e5dc80   Options.memtable_huge_page_size: 0
2021/09/18-17:47:07.921672 7fbdf7e5dc80                           Options.bloom_locality: 0
2021/09/18-17:47:07.921672 7fbdf7e5dc80                    Options.max_successive_merges: 0
2021/09/18-17:47:07.921673 7fbdf7e5dc80                Options.optimize_filters_for_hits: 0
2021/09/18-17:47:07.921674 7fbdf7e5dc80                Options.paranoid_file_checks: 0
2021/09/18-17:47:07.921674 7fbdf7e5dc80                Options.force_consistency_checks: 1
2021/09/18-17:47:07.921675 7fbdf7e5dc80                Options.report_bg_io_stats: 0
2021/09/18-17:47:07.921676 7fbdf7e5dc80                               Options.ttl: 2592000
2021/09/18-17:47:07.921676 7fbdf7e5dc80          Options.periodic_compaction_seconds: 0
2021/09/18-17:47:07.921677 7fbdf7e5dc80                    Options.enable_blob_files: false
2021/09/18-17:47:07.921678 7fbdf7e5dc80                        Options.min_blob_size: 0
2021/09/18-17:47:07.921678 7fbdf7e5dc80                       Options.blob_file_size: 268435456
2021/09/18-17:47:07.921679 7fbdf7e5dc80                Options.blob_compression_type: NoCompression
2021/09/18-17:47:07.921680 7fbdf7e5dc80       Options.enable_blob_garbage_collection: false
2021/09/18-17:47:07.921681 7fbdf7e5dc80   Options.blob_garbage_collection_age_cutoff: 0.250000
2021/09/18-17:47:07.921716 7fbdf7e5dc80 [db/column_family.cc:597] --------------- Options for column family [meta]:
2021/09/18-17:47:07.921718 7fbdf7e5dc80               Options.comparator: leveldb.BytewiseComparator
2021/09/18-17:47:07.921718 7fbdf7e5dc80           Options.merge_operator: None
2021/09/18-17:47:07.921719 7fbdf7e5dc80        Options.compaction_filter: None
2021/09/18-17:47:07.921720 7fbdf7e5dc80        Options.compaction_filter_factory: purged_slot_filter_factory(meta)
2021/09/18-17:47:07.921721 7fbdf7e5dc80  Options.sst_partitioner_factory: None
2021/09/18-17:47:07.921721 7fbdf7e5dc80         Options.memtable_factory: SkipListFactory
2021/09/18-17:47:07.921722 7fbdf7e5dc80            Options.table_factory: BlockBasedTable
2021/09/18-17:47:07.921733 7fbdf7e5dc80            table_factory options:   flush_block_policy_factory: FlushBlockBySizePolicyFactory (0x563c42bf79b0)
  cache_index_and_filter_blocks: 0
  cache_index_and_filter_blocks_with_high_priority: 1
  pin_l0_filter_and_index_blocks_in_cache: 0
  pin_top_level_index_and_filter: 1
  index_type: 0
  data_block_index_type: 0
  index_shortening: 1
  data_block_hash_table_util_ratio: 0.750000
  hash_index_allow_collision: 1
  checksum: 1
  no_block_cache: 0
  block_cache: 0x563c42c829f0
  block_cache_name: LRUCache
  block_cache_options:
    capacity : 8388608
    num_shard_bits : 4
    strict_capacity_limit : 0
    memory_allocator : None
    high_pri_pool_ratio: 0.000
  block_cache_compressed: (nil)
  persistent_cache: (nil)
  block_size: 4096
  block_size_deviation: 10
  block_restart_interval: 16
  index_block_restart_interval: 1
  metadata_block_size: 4096
  partition_filters: 0
  use_delta_encoding: 1
  filter_policy: nullptr
  whole_key_filtering: 1
  verify_compression: 0
  read_amp_bytes_per_bit: 0
  format_version: 4
  enable_index_compression: 1
  block_align: 0
2021/09/18-17:47:07.921734 7fbdf7e5dc80        Options.write_buffer_size: 268435456
2021/09/18-17:47:07.921735 7fbdf7e5dc80  Options.max_write_buffer_number: 8
2021/09/18-17:47:07.921735 7fbdf7e5dc80          Options.compression: NoCompression
2021/09/18-17:47:07.921736 7fbdf7e5dc80                  Options.bottommost_compression: Disabled
2021/09/18-17:47:07.921737 7fbdf7e5dc80       Options.prefix_extractor: nullptr
2021/09/18-17:47:07.921737 7fbdf7e5dc80   Options.memtable_insert_with_hint_prefix_extractor: nullptr
2021/09/18-17:47:07.921745 7fbdf7e5dc80             Options.num_levels: 7
2021/09/18-17:47:07.921746 7fbdf7e5dc80        Options.min_write_buffer_number_to_merge: 1
2021/09/18-17:47:07.921747 7fbdf7e5dc80     Options.max_write_buffer_number_to_maintain: 0
2021/09/18-17:47:07.921747 7fbdf7e5dc80     Options.max_write_buffer_size_to_maintain: 0
2021/09/18-17:47:07.921748 7fbdf7e5dc80            Options.bottommost_compression_opts.window_bits: -14
2021/09/18-17:47:07.921749 7fbdf7e5dc80                  Options.bottommost_compression_opts.level: 32767
2021/09/18-17:47:07.921749 7fbdf7e5dc80               Options.bottommost_compression_opts.strategy: 0
2021/09/18-17:47:07.921750 7fbdf7e5dc80         Options.bottommost_compression_opts.max_dict_bytes: 0
2021/09/18-17:47:07.921751 7fbdf7e5dc80         Options.bottommost_compression_opts.zstd_max_train_bytes: 0
2021/09/18-17:47:07.921751 7fbdf7e5dc80         Options.bottommost_compression_opts.parallel_threads: 1
2021/09/18-17:47:07.921752 7fbdf7e5dc80                  Options.bottommost_compression_opts.enabled: false
2021/09/18-17:47:07.921753 7fbdf7e5dc80            Options.compression_opts.window_bits: -14
2021/09/18-17:47:07.921754 7fbdf7e5dc80                  Options.compression_opts.level: 32767
2021/09/18-17:47:07.921754 7fbdf7e5dc80               Options.compression_opts.strategy: 0
2021/09/18-17:47:07.921755 7fbdf7e5dc80         Options.compression_opts.max_dict_bytes: 0
2021/09/18-17:47:07.921756 7fbdf7e5dc80         Options.compression_opts.zstd_max_train_bytes: 0
2021/09/18-17:47:07.921756 7fbdf7e5dc80         Options.compression_opts.parallel_threads: 1
2021/09/18-17:47:07.921757 7fbdf7e5dc80                  Options.compression_opts.enabled: false
2021/09/18-17:47:07.921758 7fbdf7e5dc80      Options.level0_file_num_compaction_trigger: 4
2021/09/18-17:47:07.921758 7fbdf7e5dc80          Options.level0_slowdown_writes_trigger: 20
2021/09/18-17:47:07.921759 7fbdf7e5dc80              Options.level0_stop_writes_trigger: 36
2021/09/18-17:47:07.921760 7fbdf7e5dc80                   Options.target_file_size_base: 107374182
2021/09/18-17:47:07.921760 7fbdf7e5dc80             Options.target_file_size_multiplier: 1
2021/09/18-17:47:07.921761 7fbdf7e5dc80                Options.max_bytes_for_level_base: 1073741824
2021/09/18-17:47:07.921762 7fbdf7e5dc80 Options.level_compaction_dynamic_level_bytes: 0
2021/09/18-17:47:07.921762 7fbdf7e5dc80          Options.max_bytes_for_level_multiplier: 10.000000
2021/09/18-17:47:07.921764 7fbdf7e5dc80 Options.max_bytes_for_level_multiplier_addtl[0]: 1
2021/09/18-17:47:07.921764 7fbdf7e5dc80 Options.max_bytes_for_level_multiplier_addtl[1]: 1
2021/09/18-17:47:07.921765 7fbdf7e5dc80 Options.max_bytes_for_level_multiplier_addtl[2]: 1
2021/09/18-17:47:07.921766 7fbdf7e5dc80 Options.max_bytes_for_level_multiplier_addtl[3]: 1
2021/09/18-17:47:07.921766 7fbdf7e5dc80 Options.max_bytes_for_level_multiplier_addtl[4]: 1
2021/09/18-17:47:07.921767 7fbdf7e5dc80 Options.max_bytes_for_level_multiplier_addtl[5]: 1
2021/09/18-17:47:07.921768 7fbdf7e5dc80 Options.max_bytes_for_level_multiplier_addtl[6]: 1
2021/09/18-17:47:07.921768 7fbdf7e5dc80       Options.max_sequential_skip_in_iterations: 8
2021/09/18-17:47:07.921769 7fbdf7e5dc80                    Options.max_compaction_bytes: 2684354550
2021/09/18-17:47:07.921770 7fbdf7e5dc80                        Options.arena_block_size: 33554432
2021/09/18-17:47:07.921771 7fbdf7e5dc80   Options.soft_pending_compaction_bytes_limit: 68719476736
2021/09/18-17:47:07.921771 7fbdf7e5dc80   Options.hard_pending_compaction_bytes_limit: 274877906944
2021/09/18-17:47:07.921772 7fbdf7e5dc80       Options.rate_limit_delay_max_milliseconds: 100
2021/09/18-17:47:07.921773 7fbdf7e5dc80                Options.disable_auto_compactions: 0
2021/09/18-17:47:07.921774 7fbdf7e5dc80                        Options.compaction_style: kCompactionStyleLevel
2021/09/18-17:47:07.921774 7fbdf7e5dc80                          Options.compaction_pri: kMinOverlappingRatio
2021/09/18-17:47:07.921775 7fbdf7e5dc80 Options.compaction_options_universal.size_ratio: 1
2021/09/18-17:47:07.921780 7fbdf7e5dc80 Options.compaction_options_universal.min_merge_width: 2
2021/09/18-17:47:07.921781 7fbdf7e5dc80 Options.compaction_options_universal.max_merge_width: 4294967295
2021/09/18-17:47:07.921782 7fbdf7e5dc80 Options.compaction_options_universal.max_size_amplification_percent: 200
2021/09/18-17:47:07.921783 7fbdf7e5dc80 Options.compaction_options_universal.compression_size_percent: -1
2021/09/18-17:47:07.921784 7fbdf7e5dc80 Options.compaction_options_universal.stop_style: kCompactionStopStyleTotalSize
2021/09/18-17:47:07.921784 7fbdf7e5dc80 Options.compaction_options_fifo.max_table_files_size: 1073741824
2021/09/18-17:47:07.921785 7fbdf7e5dc80 Options.compaction_options_fifo.allow_compaction: 0
2021/09/18-17:47:07.921786 7fbdf7e5dc80                   Options.table_properties_collectors: 
2021/09/18-17:47:07.921787 7fbdf7e5dc80                   Options.inplace_update_support: 0
2021/09/18-17:47:07.921788 7fbdf7e5dc80                 Options.inplace_update_num_locks: 10000
2021/09/18-17:47:07.921789 7fbdf7e5dc80               Options.memtable_prefix_bloom_size_ratio: 0.000000
2021/09/18-17:47:07.921790 7fbdf7e5dc80               Options.memtable_whole_key_filtering: 0
2021/09/18-17:47:07.921790 7fbdf7e5dc80   Options.memtable_huge_page_size: 0
2021/09/18-17:47:07.921791 7fbdf7e5dc80                           Options.bloom_locality: 0
2021/09/18-17:47:07.921792 7fbdf7e5dc80                    Options.max_successive_merges: 0
2021/09/18-17:47:07.921792 7fbdf7e5dc80                Options.optimize_filters_for_hits: 0
2021/09/18-17:47:07.921793 7fbdf7e5dc80                Options.paranoid_file_checks: 0
2021/09/18-17:47:07.921794 7fbdf7e5dc80                Options.force_consistency_checks: 1
2021/09/18-17:47:07.921794 7fbdf7e5dc80                Options.report_bg_io_stats: 0
2021/09/18-17:47:07.921795 7fbdf7e5dc80                               Options.ttl: 2592000
2021/09/18-17:47:07.921796 7fbdf7e5dc80          Options.periodic_compaction_seconds: 2592000
2021/09/18-17:47:07.921796 7fbdf7e5dc80                    Options.enable_blob_files: false
2021/09/18-17:47:07.921797 7fbdf7e5dc80                        Options.min_blob_size: 0
2021/09/18-17:47:07.921798 7fbdf7e5dc80                       Options.blob_file_size: 268435456
2021/09/18-17:47:07.921798 7fbdf7e5dc80                Options.blob_compression_type: NoCompression
2021/09/18-17:47:07.921799 7fbdf7e5dc80       Options.enable_blob_garbage_collection: false
2021/09/18-17:47:07.921800 7fbdf7e5dc80   Options.blob_garbage_collection_age_cutoff: 0.250000
2021/09/18-17:47:07.921820 7fbdf7e5dc80 [db/column_family.cc:597] --------------- Options for column family [dead_slots]:
2021/09/18-17:47:07.921821 7fbdf7e5dc80               Options.comparator: leveldb.BytewiseComparator
2021/09/18-17:47:07.921822 7fbdf7e5dc80           Options.merge_operator: None
2021/09/18-17:47:07.921823 7fbdf7e5dc80        Options.compaction_filter: None
2021/09/18-17:47:07.921823 7fbdf7e5dc80        Options.compaction_filter_factory: purged_slot_filter_factory(dead_slots)
2021/09/18-17:47:07.921824 7fbdf7e5dc80  Options.sst_partitioner_factory: None
2021/09/18-17:47:07.921825 7fbdf7e5dc80         Options.memtable_factory: SkipListFactory
2021/09/18-17:47:07.921825 7fbdf7e5dc80            Options.table_factory: BlockBasedTable
2021/09/18-17:47:07.921835 7fbdf7e5dc80            table_factory options:   flush_block_policy_factory: FlushBlockBySizePolicyFactory (0x563c42c40620)
  cache_index_and_filter_blocks: 0
  cache_index_and_filter_blocks_with_high_priority: 1
  pin_l0_filter_and_index_blocks_in_cache: 0
  pin_top_level_index_and_filter: 1
  index_type: 0
  data_block_index_type: 0
  index_shortening: 1
  data_block_hash_table_util_ratio: 0.750000
  hash_index_allow_collision: 1
  checksum: 1
  no_block_cache: 0
  block_cache: 0x563c42c95e90
  block_cache_name: LRUCache
  block_cache_options:
    capacity : 8388608
    num_shard_bits : 4
    strict_capacity_limit : 0
    memory_allocator : None
    high_pri_pool_ratio: 0.000
  block_cache_compressed: (nil)
  persistent_cache: (nil)
  block_size: 4096
  block_size_deviation: 10
  block_restart_interval: 16
  index_block_restart_interval: 1
  metadata_block_size: 4096
  partition_filters: 0
  use_delta_encoding: 1
  filter_policy: nullptr
  whole_key_filtering: 1
  verify_compression: 0
  read_amp_bytes_per_bit: 0
  format_version: 4
  enable_index_compression: 1
  block_align: 0
2021/09/18-17:47:07.921842 7fbdf7e5dc80        Options.write_buffer_size: 268435456
2021/09/18-17:47:07.921843 7fbdf7e5dc80  Options.max_write_buffer_number: 8
2021/09/18-17:47:07.921844 7fbdf7e5dc80          Options.compression: NoCompression
2021/09/18-17:47:07.921844 7fbdf7e5dc80                  Options.bottommost_compression: Disabled
2021/09/18-17:47:07.921845 7fbdf7e5dc80       Options.prefix_extractor: nullptr
2021/09/18-17:47:07.921846 7fbdf7e5dc80   Options.memtable_insert_with_hint_prefix_extractor: nullptr
2021/09/18-17:47:07.921846 7fbdf7e5dc80             Options.num_levels: 7
2021/09/18-17:47:07.921847 7fbdf7e5dc80        Options.min_write_buffer_number_to_merge: 1
2021/09/18-17:47:07.921848 7fbdf7e5dc80     Options.max_write_buffer_number_to_maintain: 0
2021/09/18-17:47:07.921848 7fbdf7e5dc80     Options.max_write_buffer_size_to_maintain: 0
2021/09/18-17:47:07.921849 7fbdf7e5dc80            Options.bottommost_compression_opts.window_bits: -14
2021/09/18-17:47:07.921850 7fbdf7e5dc80                  Options.bottommost_compression_opts.level: 32767
2021/09/18-17:47:07.921850 7fbdf7e5dc80               Options.bottommost_compression_opts.strategy: 0
2021/09/18-17:47:07.921851 7fbdf7e5dc80         Options.bottommost_compression_opts.max_dict_bytes: 0
2021/09/18-17:47:07.921852 7fbdf7e5dc80         Options.bottommost_compression_opts.zstd_max_train_bytes: 0
2021/09/18-17:47:07.921852 7fbdf7e5dc80         Options.bottommost_compression_opts.parallel_threads: 1
2021/09/18-17:47:07.921853 7fbdf7e5dc80                  Options.bottommost_compression_opts.enabled: false
2021/09/18-17:47:07.921854 7fbdf7e5dc80            Options.compression_opts.window_bits: -14
2021/09/18-17:47:07.921854 7fbdf7e5dc80                  Options.compression_opts.level: 32767
2021/09/18-17:47:07.921855 7fbdf7e5dc80               Options.compression_opts.strategy: 0
2021/09/18-17:47:07.921856 7fbdf7e5dc80         Options.compression_opts.max_dict_bytes: 0
2021/09/18-17:47:07.921856 7fbdf7e5dc80         Options.compression_opts.zstd_max_train_bytes: 0
2021/09/18-17:47:07.921857 7fbdf7e5dc80         Options.compression_opts.parallel_threads: 1
2021/09/18-17:47:07.921858 7fbdf7e5dc80                  Options.compression_opts.enabled: false
2021/09/18-17:47:07.921858 7fbdf7e5dc80      Options.level0_file_num_compaction_trigger: 4
2021/09/18-17:47:07.921859 7fbdf7e5dc80          Options.level0_slowdown_writes_trigger: 20
2021/09/18-17:47:07.921860 7fbdf7e5dc80              Options.level0_stop_writes_trigger: 36
2021/09/18-17:47:07.921860 7fbdf7e5dc80                   Options.target_file_size_base: 107374182
2021/09/18-17:47:07.921861 7fbdf7e5dc80             Options.target_file_size_multiplier: 1
2021/09/18-17:47:07.921862 7fbdf7e5dc80                Options.max_bytes_for_level_base: 1073741824
2021/09/18-17:47:07.921862 7fbdf7e5dc80 Options.level_compaction_dynamic_level_bytes: 0
2021/09/18-17:47:07.921863 7fbdf7e5dc80          Options.max_bytes_for_level_multiplier: 10.000000
2021/09/18-17:47:07.921865 7fbdf7e5dc80 Options.max_bytes_for_level_multiplier_addtl[0]: 1
2021/09/18-17:47:07.921866 7fbdf7e5dc80 Options.max_bytes_for_level_multiplier_addtl[1]: 1
2021/09/18-17:47:07.921867 7fbdf7e5dc80 Options.max_bytes_for_level_multiplier_addtl[2]: 1
2021/09/18-17:47:07.921869 7fbdf7e5dc80 Options.max_bytes_for_level_multiplier_addtl[3]: 1
2021/09/18-17:47:07.921870 7fbdf7e5dc80 Options.max_bytes_for_level_multiplier_addtl[4]: 1
2021/09/18-17:47:07.921871 7fbdf7e5dc80 Options.max_bytes_for_level_multiplier_addtl[5]: 1
2021/09/18-17:47:07.921873 7fbdf7e5dc80 Options.max_bytes_for_level_multiplier_addtl[6]: 1
2021/09/18-17:47:07.921882 7fbdf7e5dc80       Options.max_sequential_skip_in_iterations: 8
2021/09/18-17:47:07.921883 7fbdf7e5dc80                    Options.max_compaction_bytes: 2684354550
2021/09/18-17:47:07.921884 7fbdf7e5dc80                        Options.arena_block_size: 33554432
2021/09/18-17:47:07.921885 7fbdf7e5dc80   Options.soft_pending_compaction_bytes_limit: 68719476736
2021/09/18-17:47:07.921886 7fbdf7e5dc80   Options.hard_pending_compaction_bytes_limit: 274877906944
2021/09/18-17:47:07.921887 7fbdf7e5dc80       Options.rate_limit_delay_max_milliseconds: 100
2021/09/18-17:47:07.921887 7fbdf7e5dc80                Options.disable_auto_compactions: 0
2021/09/18-17:47:07.921888 7fbdf7e5dc80                        Options.compaction_style: kCompactionStyleLevel
2021/09/18-17:47:07.921889 7fbdf7e5dc80                          Options.compaction_pri: kMinOverlappingRatio
2021/09/18-17:47:07.921890 7fbdf7e5dc80 Options.compaction_options_universal.size_ratio: 1
2021/09/18-17:47:07.921890 7fbdf7e5dc80 Options.compaction_options_universal.min_merge_width: 2
2021/09/18-17:47:07.921891 7fbdf7e5dc80 Options.compaction_options_universal.max_merge_width: 4294967295
2021/09/18-17:47:07.921892 7fbdf7e5dc80 Options.compaction_options_universal.max_size_amplification_percent: 200
2021/09/18-17:47:07.921892 7fbdf7e5dc80 Options.compaction_options_universal.compression_size_percent: -1
2021/09/18-17:47:07.921893 7fbdf7e5dc80 Options.compaction_options_universal.stop_style: kCompactionStopStyleTotalSize
2021/09/18-17:47:07.921894 7fbdf7e5dc80 Options.compaction_options_fifo.max_table_files_size: 1073741824
2021/09/18-17:47:07.921895 7fbdf7e5dc80 Options.compaction_options_fifo.allow_compaction: 0
2021/09/18-17:47:07.921896 7fbdf7e5dc80                   Options.table_properties_collectors: 
2021/09/18-17:47:07.921897 7fbdf7e5dc80                   Options.inplace_update_support: 0
2021/09/18-17:47:07.921897 7fbdf7e5dc80                 Options.inplace_update_num_locks: 10000
2021/09/18-17:47:07.921898 7fbdf7e5dc80               Options.memtable_prefix_bloom_size_ratio: 0.000000
2021/09/18-17:47:07.921899 7fbdf7e5dc80               Options.memtable_whole_key_filtering: 0
2021/09/18-17:47:07.921900 7fbdf7e5dc80   Options.memtable_huge_page_size: 0
2021/09/18-17:47:07.921901 7fbdf7e5dc80                           Options.bloom_locality: 0
2021/09/18-17:47:07.921901 7fbdf7e5dc80                    Options.max_successive_merges: 0
2021/09/18-17:47:07.921902 7fbdf7e5dc80                Options.optimize_filters_for_hits: 0
2021/09/18-17:47:07.921903 7fbdf7e5dc80                Options.paranoid_file_checks: 0
2021/09/18-17:47:07.921903 7fbdf7e5dc80                Options.force_consistency_checks: 1
2021/09/18-17:47:07.921920 7fbdf7e5dc80                Options.report_bg_io_stats: 0
2021/09/18-17:47:07.921920 7fbdf7e5dc80                               Options.ttl: 2592000
2021/09/18-17:47:07.921921 7fbdf7e5dc80          Options.periodic_compaction_seconds: 2592000
2021/09/18-17:47:07.921922 7fbdf7e5dc80                    Options.enable_blob_files: false
2021/09/18-17:47:07.921922 7fbdf7e5dc80                        Options.min_blob_size: 0
2021/09/18-17:47:07.921923 7fbdf7e5dc80                       Options.blob_file_size: 268435456
2021/09/18-17:47:07.921924 7fbdf7e5dc80                Options.blob_compression_type: NoCompression
2021/09/18-17:47:07.921924 7fbdf7e5dc80       Options.enable_blob_garbage_collection: false
2021/09/18-17:47:07.921925 7fbdf7e5dc80   Options.blob_garbage_collection_age_cutoff: 0.250000
2021/09/18-17:47:07.921947 7fbdf7e5dc80 [db/column_family.cc:597] --------------- Options for column family [duplicate_slots]:
2021/09/18-17:47:07.921948 7fbdf7e5dc80               Options.comparator: leveldb.BytewiseComparator
2021/09/18-17:47:07.921949 7fbdf7e5dc80           Options.merge_operator: None
2021/09/18-17:47:07.921950 7fbdf7e5dc80        Options.compaction_filter: None
2021/09/18-17:47:07.921950 7fbdf7e5dc80        Options.compaction_filter_factory: purged_slot_filter_factory(duplicate_slots)
2021/09/18-17:47:07.921951 7fbdf7e5dc80  Options.sst_partitioner_factory: None
2021/09/18-17:47:07.921978 7fbdf7e5dc80         Options.memtable_factory: SkipListFactory
2021/09/18-17:47:07.921979 7fbdf7e5dc80            Options.table_factory: BlockBasedTable
2021/09/18-17:47:07.922002 7fbdf7e5dc80            table_factory options:   flush_block_policy_factory: FlushBlockBySizePolicyFactory (0x563c42b6aae0)
  cache_index_and_filter_blocks: 0
  cache_index_and_filter_blocks_with_high_priority: 1
  pin_l0_filter_and_index_blocks_in_cache: 0
  pin_top_level_index_and_filter: 1
  index_type: 0
  data_block_index_type: 0
  index_shortening: 1
  data_block_hash_table_util_ratio: 0.750000
  hash_index_allow_collision: 1
  checksum: 1
  no_block_cache: 0
  block_cache: 0x563c42c4a260
  block_cache_name: LRUCache
  block_cache_options:
    capacity : 8388608
    num_shard_bits : 4
    strict_capacity_limit : 0
    memory_allocator : None
    high_pri_pool_ratio: 0.000
  block_cache_compressed: (nil)
  persistent_cache: (nil)
  block_size: 4096
  block_size_deviation: 10
  block_restart_interval: 16
  index_block_restart_interval: 1
  metadata_block_size: 4096
  partition_filters: 0
  use_delta_encoding: 1
  filter_policy: nullptr
  whole_key_filtering: 1
  verify_compression: 0
  read_amp_bytes_per_bit: 0
  format_version: 4
  enable_index_compression: 1
  block_align: 0
2021/09/18-17:47:07.922003 7fbdf7e5dc80        Options.write_buffer_size: 268435456
2021/09/18-17:47:07.922004 7fbdf7e5dc80  Options.max_write_buffer_number: 8
2021/09/18-17:47:07.922004 7fbdf7e5dc80          Options.compression: NoCompression
2021/09/18-17:47:07.922005 7fbdf7e5dc80                  Options.bottommost_compression: Disabled
2021/09/18-17:47:07.922006 7fbdf7e5dc80       Options.prefix_extractor: nullptr
2021/09/18-17:47:07.922006 7fbdf7e5dc80   Options.memtable_insert_with_hint_prefix_extractor: nullptr
2021/09/18-17:47:07.922007 7fbdf7e5dc80             Options.num_levels: 7
2021/09/18-17:47:07.922008 7fbdf7e5dc80        Options.min_write_buffer_number_to_merge: 1
2021/09/18-17:47:07.922008 7fbdf7e5dc80     Options.max_write_buffer_number_to_maintain: 0
2021/09/18-17:47:07.922009 7fbdf7e5dc80     Options.max_write_buffer_size_to_maintain: 0
2021/09/18-17:47:07.922010 7fbdf7e5dc80            Options.bottommost_compression_opts.window_bits: -14
2021/09/18-17:47:07.922010 7fbdf7e5dc80                  Options.bottommost_compression_opts.level: 32767
2021/09/18-17:47:07.922011 7fbdf7e5dc80               Options.bottommost_compression_opts.strategy: 0
2021/09/18-17:47:07.922012 7fbdf7e5dc80         Options.bottommost_compression_opts.max_dict_bytes: 0
2021/09/18-17:47:07.922012 7fbdf7e5dc80         Options.bottommost_compression_opts.zstd_max_train_bytes: 0
2021/09/18-17:47:07.922013 7fbdf7e5dc80         Options.bottommost_compression_opts.parallel_threads: 1
2021/09/18-17:47:07.922014 7fbdf7e5dc80                  Options.bottommost_compression_opts.enabled: false
2021/09/18-17:47:07.922014 7fbdf7e5dc80            Options.compression_opts.window_bits: -14
