2021/09/18-17:47:07.561116 7fbdf7e5dc80 RocksDB version: 6.17.3
2021/09/18-17:47:07.561236 7fbdf7e5dc80 Git sha rocksdb_build_git_sha:@09c7e96eac1ab983f97ce9e0406730b8014b3398@
2021/09/18-17:47:07.561242 7fbdf7e5dc80 Compile date Aug 11 2021
2021/09/18-17:47:07.561393 7fbdf7e5dc80 DB SUMMARY
2021/09/18-17:47:07.561399 7fbdf7e5dc80 DB Session ID:  E38FUKY16XOMTG1UJ9NZ
2021/09/18-17:47:07.561446 7fbdf7e5dc80 SST files in test-ledger/rocksdb dir, Total Num: 0, files: 
2021/09/18-17:47:07.561451 7fbdf7e5dc80 Write Ahead Log file in test-ledger/rocksdb: 
2021/09/18-17:47:07.561455 7fbdf7e5dc80                         Options.error_if_exists: 0
2021/09/18-17:47:07.561458 7fbdf7e5dc80                       Options.create_if_missing: 1
2021/09/18-17:47:07.561461 7fbdf7e5dc80                         Options.paranoid_checks: 1
2021/09/18-17:47:07.561464 7fbdf7e5dc80                               Options.track_and_verify_wals_in_manifest: 0
2021/09/18-17:47:07.561467 7fbdf7e5dc80                                     Options.env: 0x563c41abd2c0
2021/09/18-17:47:07.561470 7fbdf7e5dc80                                      Options.fs: Posix File System
2021/09/18-17:47:07.561473 7fbdf7e5dc80                                Options.info_log: 0x563c42b6b670
2021/09/18-17:47:07.561476 7fbdf7e5dc80                Options.max_file_opening_threads: 16
2021/09/18-17:47:07.561478 7fbdf7e5dc80                              Options.statistics: (nil)
2021/09/18-17:47:07.561482 7fbdf7e5dc80                               Options.use_fsync: 0
2021/09/18-17:47:07.561484 7fbdf7e5dc80                       Options.max_log_file_size: 0
2021/09/18-17:47:07.561487 7fbdf7e5dc80                  Options.max_manifest_file_size: 1073741824
2021/09/18-17:47:07.561490 7fbdf7e5dc80                   Options.log_file_time_to_roll: 0
2021/09/18-17:47:07.561494 7fbdf7e5dc80                       Options.keep_log_file_num: 1000
2021/09/18-17:47:07.561498 7fbdf7e5dc80                    Options.recycle_log_file_num: 0
2021/09/18-17:47:07.561503 7fbdf7e5dc80                         Options.allow_fallocate: 1
2021/09/18-17:47:07.561507 7fbdf7e5dc80                        Options.allow_mmap_reads: 0
2021/09/18-17:47:07.561512 7fbdf7e5dc80                       Options.allow_mmap_writes: 0
2021/09/18-17:47:07.561517 7fbdf7e5dc80                        Options.use_direct_reads: 0
2021/09/18-17:47:07.561522 7fbdf7e5dc80                        Options.use_direct_io_for_flush_and_compaction: 0
2021/09/18-17:47:07.561527 7fbdf7e5dc80          Options.create_missing_column_families: 1
2021/09/18-17:47:07.561532 7fbdf7e5dc80                              Options.db_log_dir: 
2021/09/18-17:47:07.561537 7fbdf7e5dc80                                 Options.wal_dir: test-ledger/rocksdb
2021/09/18-17:47:07.561541 7fbdf7e5dc80                Options.table_cache_numshardbits: 6
2021/09/18-17:47:07.561546 7fbdf7e5dc80                         Options.WAL_ttl_seconds: 0
2021/09/18-17:47:07.561550 7fbdf7e5dc80                       Options.WAL_size_limit_MB: 0
2021/09/18-17:47:07.561553 7fbdf7e5dc80                        Options.max_write_batch_group_size_bytes: 1048576
2021/09/18-17:47:07.561555 7fbdf7e5dc80             Options.manifest_preallocation_size: 4194304
2021/09/18-17:47:07.561558 7fbdf7e5dc80                     Options.is_fd_close_on_exec: 1
2021/09/18-17:47:07.561561 7fbdf7e5dc80                   Options.advise_random_on_open: 1
2021/09/18-17:47:07.561564 7fbdf7e5dc80                    Options.db_write_buffer_size: 0
2021/09/18-17:47:07.561566 7fbdf7e5dc80                    Options.write_buffer_manager: 0x563c42bb0530
2021/09/18-17:47:07.561569 7fbdf7e5dc80         Options.access_hint_on_compaction_start: 1
2021/09/18-17:47:07.561572 7fbdf7e5dc80  Options.new_table_reader_for_compaction_inputs: 0
2021/09/18-17:47:07.561574 7fbdf7e5dc80           Options.random_access_max_buffer_size: 1048576
2021/09/18-17:47:07.561577 7fbdf7e5dc80                      Options.use_adaptive_mutex: 0
2021/09/18-17:47:07.561580 7fbdf7e5dc80                            Options.rate_limiter: (nil)
2021/09/18-17:47:07.561583 7fbdf7e5dc80     Options.sst_file_manager.rate_bytes_per_sec: 0
2021/09/18-17:47:07.561621 7fbdf7e5dc80                       Options.wal_recovery_mode: 2
2021/09/18-17:47:07.561625 7fbdf7e5dc80                  Options.enable_thread_tracking: 0
2021/09/18-17:47:07.561627 7fbdf7e5dc80                  Options.enable_pipelined_write: 0
2021/09/18-17:47:07.561630 7fbdf7e5dc80                  Options.unordered_write: 0
2021/09/18-17:47:07.561632 7fbdf7e5dc80         Options.allow_concurrent_memtable_write: 1
2021/09/18-17:47:07.561635 7fbdf7e5dc80      Options.enable_write_thread_adaptive_yield: 1
2021/09/18-17:47:07.561637 7fbdf7e5dc80             Options.write_thread_max_yield_usec: 100
2021/09/18-17:47:07.561640 7fbdf7e5dc80            Options.write_thread_slow_yield_usec: 3
2021/09/18-17:47:07.561643 7fbdf7e5dc80                               Options.row_cache: None
2021/09/18-17:47:07.561646 7fbdf7e5dc80                              Options.wal_filter: None
2021/09/18-17:47:07.561649 7fbdf7e5dc80             Options.avoid_flush_during_recovery: 0
2021/09/18-17:47:07.561651 7fbdf7e5dc80             Options.allow_ingest_behind: 0
2021/09/18-17:47:07.561654 7fbdf7e5dc80             Options.preserve_deletes: 0
2021/09/18-17:47:07.561657 7fbdf7e5dc80             Options.two_write_queues: 0
2021/09/18-17:47:07.561659 7fbdf7e5dc80             Options.manual_wal_flush: 0
2021/09/18-17:47:07.561662 7fbdf7e5dc80             Options.atomic_flush: 0
2021/09/18-17:47:07.561664 7fbdf7e5dc80             Options.avoid_unnecessary_blocking_io: 0
2021/09/18-17:47:07.561667 7fbdf7e5dc80                 Options.persist_stats_to_disk: 0
2021/09/18-17:47:07.561669 7fbdf7e5dc80                 Options.write_dbid_to_manifest: 0
2021/09/18-17:47:07.561672 7fbdf7e5dc80                 Options.log_readahead_size: 0
2021/09/18-17:47:07.561675 7fbdf7e5dc80                 Options.file_checksum_gen_factory: Unknown
2021/09/18-17:47:07.561677 7fbdf7e5dc80                 Options.best_efforts_recovery: 0
2021/09/18-17:47:07.561680 7fbdf7e5dc80                Options.max_bgerror_resume_count: 2147483647
2021/09/18-17:47:07.561683 7fbdf7e5dc80            Options.bgerror_resume_retry_interval: 1000000
2021/09/18-17:47:07.561686 7fbdf7e5dc80             Options.allow_data_in_errors: 0
2021/09/18-17:47:07.561688 7fbdf7e5dc80             Options.db_host_id: __hostname__
2021/09/18-17:47:07.561691 7fbdf7e5dc80             Options.max_background_jobs: 8
2021/09/18-17:47:07.561694 7fbdf7e5dc80             Options.max_background_compactions: -1
2021/09/18-17:47:07.561697 7fbdf7e5dc80             Options.max_subcompactions: 1
2021/09/18-17:47:07.561699 7fbdf7e5dc80             Options.avoid_flush_during_shutdown: 0
2021/09/18-17:47:07.561702 7fbdf7e5dc80           Options.writable_file_max_buffer_size: 1048576
2021/09/18-17:47:07.561704 7fbdf7e5dc80             Options.delayed_write_rate : 16777216
2021/09/18-17:47:07.561707 7fbdf7e5dc80             Options.max_total_wal_size: 4294967296
2021/09/18-17:47:07.561710 7fbdf7e5dc80             Options.delete_obsolete_files_period_micros: 21600000000
2021/09/18-17:47:07.561713 7fbdf7e5dc80                   Options.stats_dump_period_sec: 600
2021/09/18-17:47:07.561716 7fbdf7e5dc80                 Options.stats_persist_period_sec: 600
2021/09/18-17:47:07.561719 7fbdf7e5dc80                 Options.stats_history_buffer_size: 1048576
2021/09/18-17:47:07.561721 7fbdf7e5dc80                          Options.max_open_files: -1
2021/09/18-17:47:07.561724 7fbdf7e5dc80                          Options.bytes_per_sync: 0
2021/09/18-17:47:07.561727 7fbdf7e5dc80                      Options.wal_bytes_per_sync: 0
2021/09/18-17:47:07.561729 7fbdf7e5dc80                   Options.strict_bytes_per_sync: 0
2021/09/18-17:47:07.561732 7fbdf7e5dc80       Options.compaction_readahead_size: 0
2021/09/18-17:47:07.561734 7fbdf7e5dc80                  Options.max_background_flushes: -1
2021/09/18-17:47:07.561738 7fbdf7e5dc80 Compression algorithms supported:
2021/09/18-17:47:07.561743 7fbdf7e5dc80 	kZSTDNotFinalCompression supported: 0
2021/09/18-17:47:07.561749 7fbdf7e5dc80 	kZSTD supported: 0
2021/09/18-17:47:07.561800 7fbdf7e5dc80 	kXpressCompression supported: 0
2021/09/18-17:47:07.561809 7fbdf7e5dc80 	kLZ4HCCompression supported: 1
2021/09/18-17:47:07.561814 7fbdf7e5dc80 	kLZ4Compression supported: 1
2021/09/18-17:47:07.561819 7fbdf7e5dc80 	kBZip2Compression supported: 0
2021/09/18-17:47:07.561824 7fbdf7e5dc80 	kZlibCompression supported: 0
2021/09/18-17:47:07.561827 7fbdf7e5dc80 	kSnappyCompression supported: 0
2021/09/18-17:47:07.561833 7fbdf7e5dc80 Fast CRC32 supported: Supported on x86
2021/09/18-17:47:07.566514 7fbdf7e5dc80 [db/db_impl/db_impl_open.cc:283] Creating manifest 1 
2021/09/18-17:47:07.570011 7fbdf7e5dc80 [db/version_set.cc:4757] Recovering from manifest file: test-ledger/rocksdb/MANIFEST-000001
2021/09/18-17:47:07.570375 7fbdf7e5dc80 [db/column_family.cc:597] --------------- Options for column family [default]:
2021/09/18-17:47:07.570383 7fbdf7e5dc80               Options.comparator: leveldb.BytewiseComparator
2021/09/18-17:47:07.570386 7fbdf7e5dc80           Options.merge_operator: None
2021/09/18-17:47:07.570389 7fbdf7e5dc80        Options.compaction_filter: None
2021/09/18-17:47:07.570392 7fbdf7e5dc80        Options.compaction_filter_factory: None
2021/09/18-17:47:07.570395 7fbdf7e5dc80  Options.sst_partitioner_factory: None
2021/09/18-17:47:07.570398 7fbdf7e5dc80         Options.memtable_factory: SkipListFactory
2021/09/18-17:47:07.570401 7fbdf7e5dc80            Options.table_factory: BlockBasedTable
2021/09/18-17:47:07.570488 7fbdf7e5dc80            table_factory options:   flush_block_policy_factory: FlushBlockBySizePolicyFactory (0x563c42bab190)
  cache_index_and_filter_blocks: 0
  cache_index_and_filter_blocks_with_high_priority: 1
  pin_l0_filter_and_index_blocks_in_cache: 0
  pin_top_level_index_and_filter: 1
  index_type: 0
  data_block_index_type: 0
  index_shortening: 1
  data_block_hash_table_util_ratio: 0.750000
  hash_index_allow_collision: 1
  checksum: 1
  no_block_cache: 0
  block_cache: 0x563c42bab1e0
  block_cache_name: LRUCache
  block_cache_options:
    capacity : 8388608
    num_shard_bits : 4
    strict_capacity_limit : 0
    memory_allocator : None
    high_pri_pool_ratio: 0.000
  block_cache_compressed: (nil)
  persistent_cache: (nil)
  block_size: 4096
  block_size_deviation: 10
  block_restart_interval: 16
  index_block_restart_interval: 1
  metadata_block_size: 4096
  partition_filters: 0
  use_delta_encoding: 1
  filter_policy: nullptr
  whole_key_filtering: 1
  verify_compression: 0
  read_amp_bytes_per_bit: 0
  format_version: 4
  enable_index_compression: 1
  block_align: 0
2021/09/18-17:47:07.570503 7fbdf7e5dc80        Options.write_buffer_size: 67108864
2021/09/18-17:47:07.570507 7fbdf7e5dc80  Options.max_write_buffer_number: 2
2021/09/18-17:47:07.570510 7fbdf7e5dc80          Options.compression: NoCompression
2021/09/18-17:47:07.570512 7fbdf7e5dc80                  Options.bottommost_compression: Disabled
2021/09/18-17:47:07.570515 7fbdf7e5dc80       Options.prefix_extractor: nullptr
2021/09/18-17:47:07.570518 7fbdf7e5dc80   Options.memtable_insert_with_hint_prefix_extractor: nullptr
2021/09/18-17:47:07.570521 7fbdf7e5dc80             Options.num_levels: 7
2021/09/18-17:47:07.570523 7fbdf7e5dc80        Options.min_write_buffer_number_to_merge: 1
2021/09/18-17:47:07.570526 7fbdf7e5dc80     Options.max_write_buffer_number_to_maintain: 0
2021/09/18-17:47:07.570529 7fbdf7e5dc80     Options.max_write_buffer_size_to_maintain: 0
2021/09/18-17:47:07.570531 7fbdf7e5dc80            Options.bottommost_compression_opts.window_bits: -14
2021/09/18-17:47:07.570534 7fbdf7e5dc80                  Options.bottommost_compression_opts.level: 32767
2021/09/18-17:47:07.570537 7fbdf7e5dc80               Options.bottommost_compression_opts.strategy: 0
2021/09/18-17:47:07.570540 7fbdf7e5dc80         Options.bottommost_compression_opts.max_dict_bytes: 0
2021/09/18-17:47:07.570542 7fbdf7e5dc80         Options.bottommost_compression_opts.zstd_max_train_bytes: 0
2021/09/18-17:47:07.570545 7fbdf7e5dc80         Options.bottommost_compression_opts.parallel_threads: 1
2021/09/18-17:47:07.570598 7fbdf7e5dc80                  Options.bottommost_compression_opts.enabled: false
2021/09/18-17:47:07.570602 7fbdf7e5dc80            Options.compression_opts.window_bits: -14
2021/09/18-17:47:07.570605 7fbdf7e5dc80                  Options.compression_opts.level: 32767
2021/09/18-17:47:07.570608 7fbdf7e5dc80               Options.compression_opts.strategy: 0
2021/09/18-17:47:07.570610 7fbdf7e5dc80         Options.compression_opts.max_dict_bytes: 0
2021/09/18-17:47:07.570613 7fbdf7e5dc80         Options.compression_opts.zstd_max_train_bytes: 0
2021/09/18-17:47:07.570616 7fbdf7e5dc80         Options.compression_opts.parallel_threads: 1
2021/09/18-17:47:07.570618 7fbdf7e5dc80                  Options.compression_opts.enabled: false
2021/09/18-17:47:07.570621 7fbdf7e5dc80      Options.level0_file_num_compaction_trigger: 4
2021/09/18-17:47:07.570624 7fbdf7e5dc80          Options.level0_slowdown_writes_trigger: 20
2021/09/18-17:47:07.570626 7fbdf7e5dc80              Options.level0_stop_writes_trigger: 36
2021/09/18-17:47:07.570629 7fbdf7e5dc80                   Options.target_file_size_base: 67108864
2021/09/18-17:47:07.570632 7fbdf7e5dc80             Options.target_file_size_multiplier: 1
2021/09/18-17:47:07.570634 7fbdf7e5dc80                Options.max_bytes_for_level_base: 268435456
2021/09/18-17:47:07.570637 7fbdf7e5dc80 Options.level_compaction_dynamic_level_bytes: 0
2021/09/18-17:47:07.570640 7fbdf7e5dc80          Options.max_bytes_for_level_multiplier: 10.000000
2021/09/18-17:47:07.570646 7fbdf7e5dc80 Options.max_bytes_for_level_multiplier_addtl[0]: 1
2021/09/18-17:47:07.570649 7fbdf7e5dc80 Options.max_bytes_for_level_multiplier_addtl[1]: 1
2021/09/18-17:47:07.570652 7fbdf7e5dc80 Options.max_bytes_for_level_multiplier_addtl[2]: 1
2021/09/18-17:47:07.570655 7fbdf7e5dc80 Options.max_bytes_for_level_multiplier_addtl[3]: 1
2021/09/18-17:47:07.570658 7fbdf7e5dc80 Options.max_bytes_for_level_multiplier_addtl[4]: 1
2021/09/18-17:47:07.570660 7fbdf7e5dc80 Options.max_bytes_for_level_multiplier_addtl[5]: 1
2021/09/18-17:47:07.570663 7fbdf7e5dc80 Options.max_bytes_for_level_multiplier_addtl[6]: 1
2021/09/18-17:47:07.570666 7fbdf7e5dc80       Options.max_sequential_skip_in_iterations: 8
2021/09/18-17:47:07.570668 7fbdf7e5dc80                    Options.max_compaction_bytes: 1677721600
2021/09/18-17:47:07.570671 7fbdf7e5dc80                        Options.arena_block_size: 8388608
2021/09/18-17:47:07.570674 7fbdf7e5dc80   Options.soft_pending_compaction_bytes_limit: 68719476736
2021/09/18-17:47:07.570677 7fbdf7e5dc80   Options.hard_pending_compaction_bytes_limit: 274877906944
2021/09/18-17:47:07.570680 7fbdf7e5dc80       Options.rate_limit_delay_max_milliseconds: 100
2021/09/18-17:47:07.570683 7fbdf7e5dc80                Options.disable_auto_compactions: 0
2021/09/18-17:47:07.570687 7fbdf7e5dc80                        Options.compaction_style: kCompactionStyleLevel
2021/09/18-17:47:07.570690 7fbdf7e5dc80                          Options.compaction_pri: kMinOverlappingRatio
2021/09/18-17:47:07.570693 7fbdf7e5dc80 Options.compaction_options_universal.size_ratio: 1
2021/09/18-17:47:07.570696 7fbdf7e5dc80 Options.compaction_options_universal.min_merge_width: 2
2021/09/18-17:47:07.570698 7fbdf7e5dc80 Options.compaction_options_universal.max_merge_width: 4294967295
2021/09/18-17:47:07.570701 7fbdf7e5dc80 Options.compaction_options_universal.max_size_amplification_percent: 200
2021/09/18-17:47:07.570704 7fbdf7e5dc80 Options.compaction_options_universal.compression_size_percent: -1
2021/09/18-17:47:07.570707 7fbdf7e5dc80 Options.compaction_options_universal.stop_style: kCompactionStopStyleTotalSize
2021/09/18-17:47:07.570710 7fbdf7e5dc80 Options.compaction_options_fifo.max_table_files_size: 1073741824
2021/09/18-17:47:07.570713 7fbdf7e5dc80 Options.compaction_options_fifo.allow_compaction: 0
2021/09/18-17:47:07.570724 7fbdf7e5dc80                   Options.table_properties_collectors: 
2021/09/18-17:47:07.570727 7fbdf7e5dc80                   Options.inplace_update_support: 0
2021/09/18-17:47:07.570730 7fbdf7e5dc80                 Options.inplace_update_num_locks: 10000
2021/09/18-17:47:07.570755 7fbdf7e5dc80               Options.memtable_prefix_bloom_size_ratio: 0.000000
2021/09/18-17:47:07.570759 7fbdf7e5dc80               Options.memtable_whole_key_filtering: 0
2021/09/18-17:47:07.570762 7fbdf7e5dc80   Options.memtable_huge_page_size: 0
2021/09/18-17:47:07.570765 7fbdf7e5dc80                           Options.bloom_locality: 0
2021/09/18-17:47:07.570767 7fbdf7e5dc80                    Options.max_successive_merges: 0
2021/09/18-17:47:07.570770 7fbdf7e5dc80                Options.optimize_filters_for_hits: 0
2021/09/18-17:47:07.570772 7fbdf7e5dc80                Options.paranoid_file_checks: 0
2021/09/18-17:47:07.570775 7fbdf7e5dc80                Options.force_consistency_checks: 1
2021/09/18-17:47:07.570778 7fbdf7e5dc80                Options.report_bg_io_stats: 0
2021/09/18-17:47:07.570780 7fbdf7e5dc80                               Options.ttl: 2592000
2021/09/18-17:47:07.570801 7fbdf7e5dc80          Options.periodic_compaction_seconds: 0
2021/09/18-17:47:07.570807 7fbdf7e5dc80                    Options.enable_blob_files: false
2021/09/18-17:47:07.570811 7fbdf7e5dc80                        Options.min_blob_size: 0
2021/09/18-17:47:07.570816 7fbdf7e5dc80                       Options.blob_file_size: 268435456
2021/09/18-17:47:07.570821 7fbdf7e5dc80                Options.blob_compression_type: NoCompression
2021/09/18-17:47:07.570826 7fbdf7e5dc80       Options.enable_blob_garbage_collection: false
2021/09/18-17:47:07.570829 7fbdf7e5dc80   Options.blob_garbage_collection_age_cutoff: 0.250000
2021/09/18-17:47:07.572443 7fbdf7e5dc80 [db/version_set.cc:4805] Recovered from manifest file:test-ledger/rocksdb/MANIFEST-000001 succeeded,manifest_file_number is 1, next_file_number is 3, last_sequence is 0, log_number is 0,prev_log_number is 0,max_column_family is 0,min_log_number_to_keep is 0
2021/09/18-17:47:07.572460 7fbdf7e5dc80 [db/version_set.cc:4814] Column family [default] (ID 0), log number is 0
2021/09/18-17:47:07.572665 7fbdf7e5dc80 [db/version_set.cc:4111] Creating manifest 3
2021/09/18-17:47:07.577365 7fbdf7e5dc80 [db/column_family.cc:597] --------------- Options for column family [meta]:
2021/09/18-17:47:07.577378 7fbdf7e5dc80               Options.comparator: leveldb.BytewiseComparator
2021/09/18-17:47:07.577382 7fbdf7e5dc80           Options.merge_operator: None
2021/09/18-17:47:07.577386 7fbdf7e5dc80        Options.compaction_filter: None
2021/09/18-17:47:07.577389 7fbdf7e5dc80        Options.compaction_filter_factory: purged_slot_filter_factory(meta)
2021/09/18-17:47:07.577392 7fbdf7e5dc80  Options.sst_partitioner_factory: None
2021/09/18-17:47:07.577395 7fbdf7e5dc80         Options.memtable_factory: SkipListFactory
2021/09/18-17:47:07.577398 7fbdf7e5dc80            Options.table_factory: BlockBasedTable
2021/09/18-17:47:07.577511 7fbdf7e5dc80            table_factory options:   flush_block_policy_factory: FlushBlockBySizePolicyFactory (0x563c42b81fb0)
  cache_index_and_filter_blocks: 0
  cache_index_and_filter_blocks_with_high_priority: 1
  pin_l0_filter_and_index_blocks_in_cache: 0
  pin_top_level_index_and_filter: 1
  index_type: 0
  data_block_index_type: 0
  index_shortening: 1
  data_block_hash_table_util_ratio: 0.750000
  hash_index_allow_collision: 1
  checksum: 1
  no_block_cache: 0
  block_cache: 0x563c42b7ff50
  block_cache_name: LRUCache
  block_cache_options:
    capacity : 8388608
    num_shard_bits : 4
    strict_capacity_limit : 0
    memory_allocator : None
    high_pri_pool_ratio: 0.000
  block_cache_compressed: (nil)
  persistent_cache: (nil)
  block_size: 4096
  block_size_deviation: 10
  block_restart_interval: 16
  index_block_restart_interval: 1
  metadata_block_size: 4096
  partition_filters: 0
  use_delta_encoding: 1
  filter_policy: nullptr
  whole_key_filtering: 1
  verify_compression: 0
  read_amp_bytes_per_bit: 0
  format_version: 4
  enable_index_compression: 1
  block_align: 0
2021/09/18-17:47:07.577516 7fbdf7e5dc80        Options.write_buffer_size: 268435456
2021/09/18-17:47:07.577519 7fbdf7e5dc80  Options.max_write_buffer_number: 8
2021/09/18-17:47:07.577522 7fbdf7e5dc80          Options.compression: NoCompression
2021/09/18-17:47:07.577525 7fbdf7e5dc80                  Options.bottommost_compression: Disabled
2021/09/18-17:47:07.577527 7fbdf7e5dc80       Options.prefix_extractor: nullptr
2021/09/18-17:47:07.577530 7fbdf7e5dc80   Options.memtable_insert_with_hint_prefix_extractor: nullptr
2021/09/18-17:47:07.577533 7fbdf7e5dc80             Options.num_levels: 7
2021/09/18-17:47:07.577536 7fbdf7e5dc80        Options.min_write_buffer_number_to_merge: 1
2021/09/18-17:47:07.577538 7fbdf7e5dc80     Options.max_write_buffer_number_to_maintain: 0
2021/09/18-17:47:07.577541 7fbdf7e5dc80     Options.max_write_buffer_size_to_maintain: 0
2021/09/18-17:47:07.577544 7fbdf7e5dc80            Options.bottommost_compression_opts.window_bits: -14
2021/09/18-17:47:07.577547 7fbdf7e5dc80                  Options.bottommost_compression_opts.level: 32767
2021/09/18-17:47:07.577549 7fbdf7e5dc80               Options.bottommost_compression_opts.strategy: 0
2021/09/18-17:47:07.577552 7fbdf7e5dc80         Options.bottommost_compression_opts.max_dict_bytes: 0
2021/09/18-17:47:07.577555 7fbdf7e5dc80         Options.bottommost_compression_opts.zstd_max_train_bytes: 0
2021/09/18-17:47:07.577558 7fbdf7e5dc80         Options.bottommost_compression_opts.parallel_threads: 1
2021/09/18-17:47:07.577560 7fbdf7e5dc80                  Options.bottommost_compression_opts.enabled: false
2021/09/18-17:47:07.577563 7fbdf7e5dc80            Options.compression_opts.window_bits: -14
2021/09/18-17:47:07.577566 7fbdf7e5dc80                  Options.compression_opts.level: 32767
2021/09/18-17:47:07.577568 7fbdf7e5dc80               Options.compression_opts.strategy: 0
2021/09/18-17:47:07.577571 7fbdf7e5dc80         Options.compression_opts.max_dict_bytes: 0
2021/09/18-17:47:07.577573 7fbdf7e5dc80         Options.compression_opts.zstd_max_train_bytes: 0
2021/09/18-17:47:07.577576 7fbdf7e5dc80         Options.compression_opts.parallel_threads: 1
2021/09/18-17:47:07.577579 7fbdf7e5dc80                  Options.compression_opts.enabled: false
2021/09/18-17:47:07.577629 7fbdf7e5dc80      Options.level0_file_num_compaction_trigger: 4
2021/09/18-17:47:07.577632 7fbdf7e5dc80          Options.level0_slowdown_writes_trigger: 20
2021/09/18-17:47:07.577635 7fbdf7e5dc80              Options.level0_stop_writes_trigger: 36
2021/09/18-17:47:07.577638 7fbdf7e5dc80                   Options.target_file_size_base: 107374182
2021/09/18-17:47:07.577641 7fbdf7e5dc80             Options.target_file_size_multiplier: 1
2021/09/18-17:47:07.577644 7fbdf7e5dc80                Options.max_bytes_for_level_base: 1073741824
2021/09/18-17:47:07.577647 7fbdf7e5dc80 Options.level_compaction_dynamic_level_bytes: 0
2021/09/18-17:47:07.577649 7fbdf7e5dc80          Options.max_bytes_for_level_multiplier: 10.000000
2021/09/18-17:47:07.577656 7fbdf7e5dc80 Options.max_bytes_for_level_multiplier_addtl[0]: 1
2021/09/18-17:47:07.577659 7fbdf7e5dc80 Options.max_bytes_for_level_multiplier_addtl[1]: 1
2021/09/18-17:47:07.577662 7fbdf7e5dc80 Options.max_bytes_for_level_multiplier_addtl[2]: 1
2021/09/18-17:47:07.577665 7fbdf7e5dc80 Options.max_bytes_for_level_multiplier_addtl[3]: 1
2021/09/18-17:47:07.577668 7fbdf7e5dc80 Options.max_bytes_for_level_multiplier_addtl[4]: 1
2021/09/18-17:47:07.577670 7fbdf7e5dc80 Options.max_bytes_for_level_multiplier_addtl[5]: 1
2021/09/18-17:47:07.577673 7fbdf7e5dc80 Options.max_bytes_for_level_multiplier_addtl[6]: 1
2021/09/18-17:47:07.577675 7fbdf7e5dc80       Options.max_sequential_skip_in_iterations: 8
2021/09/18-17:47:07.577678 7fbdf7e5dc80                    Options.max_compaction_bytes: 2684354550
2021/09/18-17:47:07.577681 7fbdf7e5dc80                        Options.arena_block_size: 33554432
2021/09/18-17:47:07.577684 7fbdf7e5dc80   Options.soft_pending_compaction_bytes_limit: 68719476736
2021/09/18-17:47:07.577687 7fbdf7e5dc80   Options.hard_pending_compaction_bytes_limit: 274877906944
2021/09/18-17:47:07.577689 7fbdf7e5dc80       Options.rate_limit_delay_max_milliseconds: 100
2021/09/18-17:47:07.577692 7fbdf7e5dc80                Options.disable_auto_compactions: 0
2021/09/18-17:47:07.577696 7fbdf7e5dc80                        Options.compaction_style: kCompactionStyleLevel
2021/09/18-17:47:07.577700 7fbdf7e5dc80                          Options.compaction_pri: kMinOverlappingRatio
2021/09/18-17:47:07.577703 7fbdf7e5dc80 Options.compaction_options_universal.size_ratio: 1
2021/09/18-17:47:07.577705 7fbdf7e5dc80 Options.compaction_options_universal.min_merge_width: 2
2021/09/18-17:47:07.577708 7fbdf7e5dc80 Options.compaction_options_universal.max_merge_width: 4294967295
2021/09/18-17:47:07.577711 7fbdf7e5dc80 Options.compaction_options_universal.max_size_amplification_percent: 200
2021/09/18-17:47:07.577713 7fbdf7e5dc80 Options.compaction_options_universal.compression_size_percent: -1
2021/09/18-17:47:07.577717 7fbdf7e5dc80 Options.compaction_options_universal.stop_style: kCompactionStopStyleTotalSize
2021/09/18-17:47:07.577720 7fbdf7e5dc80 Options.compaction_options_fifo.max_table_files_size: 1073741824
2021/09/18-17:47:07.577723 7fbdf7e5dc80 Options.compaction_options_fifo.allow_compaction: 0
2021/09/18-17:47:07.577734 7fbdf7e5dc80                   Options.table_properties_collectors: 
2021/09/18-17:47:07.577737 7fbdf7e5dc80                   Options.inplace_update_support: 0
2021/09/18-17:47:07.577740 7fbdf7e5dc80                 Options.inplace_update_num_locks: 10000
2021/09/18-17:47:07.577742 7fbdf7e5dc80               Options.memtable_prefix_bloom_size_ratio: 0.000000
2021/09/18-17:47:07.577746 7fbdf7e5dc80               Options.memtable_whole_key_filtering: 0
2021/09/18-17:47:07.577749 7fbdf7e5dc80   Options.memtable_huge_page_size: 0
2021/09/18-17:47:07.577752 7fbdf7e5dc80                           Options.bloom_locality: 0
2021/09/18-17:47:07.577754 7fbdf7e5dc80                    Options.max_successive_merges: 0
2021/09/18-17:47:07.577757 7fbdf7e5dc80                Options.optimize_filters_for_hits: 0
2021/09/18-17:47:07.577759 7fbdf7e5dc80                Options.paranoid_file_checks: 0
2021/09/18-17:47:07.577762 7fbdf7e5dc80                Options.force_consistency_checks: 1
2021/09/18-17:47:07.577786 7fbdf7e5dc80                Options.report_bg_io_stats: 0
2021/09/18-17:47:07.577789 7fbdf7e5dc80                               Options.ttl: 2592000
2021/09/18-17:47:07.577792 7fbdf7e5dc80          Options.periodic_compaction_seconds: 2592000
2021/09/18-17:47:07.577794 7fbdf7e5dc80                    Options.enable_blob_files: false
2021/09/18-17:47:07.577797 7fbdf7e5dc80                        Options.min_blob_size: 0
2021/09/18-17:47:07.577800 7fbdf7e5dc80                       Options.blob_file_size: 268435456
2021/09/18-17:47:07.577803 7fbdf7e5dc80                Options.blob_compression_type: NoCompression
2021/09/18-17:47:07.577806 7fbdf7e5dc80       Options.enable_blob_garbage_collection: false
2021/09/18-17:47:07.577808 7fbdf7e5dc80   Options.blob_garbage_collection_age_cutoff: 0.250000
2021/09/18-17:47:07.577884 7fbdf7e5dc80 [db/db_impl/db_impl.cc:2658] Created column family [meta] (ID 1)
2021/09/18-17:47:07.582464 7fbdf7e5dc80 [db/column_family.cc:597] --------------- Options for column family [dead_slots]:
2021/09/18-17:47:07.582474 7fbdf7e5dc80               Options.comparator: leveldb.BytewiseComparator
2021/09/18-17:47:07.582477 7fbdf7e5dc80           Options.merge_operator: None
2021/09/18-17:47:07.582479 7fbdf7e5dc80        Options.compaction_filter: None
2021/09/18-17:47:07.582482 7fbdf7e5dc80        Options.compaction_filter_factory: purged_slot_filter_factory(dead_slots)
2021/09/18-17:47:07.582484 7fbdf7e5dc80  Options.sst_partitioner_factory: None
2021/09/18-17:47:07.582485 7fbdf7e5dc80         Options.memtable_factory: SkipListFactory
2021/09/18-17:47:07.582487 7fbdf7e5dc80            Options.table_factory: BlockBasedTable
2021/09/18-17:47:07.582547 7fbdf7e5dc80            table_factory options:   flush_block_policy_factory: FlushBlockBySizePolicyFactory (0x563c42b80380)
  cache_index_and_filter_blocks: 0
  cache_index_and_filter_blocks_with_high_priority: 1
  pin_l0_filter_and_index_blocks_in_cache: 0
  pin_top_level_index_and_filter: 1
  index_type: 0
  data_block_index_type: 0
  index_shortening: 1
  data_block_hash_table_util_ratio: 0.750000
  hash_index_allow_collision: 1
  checksum: 1
  no_block_cache: 0
  block_cache: 0x563c42b840e0
  block_cache_name: LRUCache
  block_cache_options:
    capacity : 8388608
    num_shard_bits : 4
    strict_capacity_limit : 0
    memory_allocator : None
    high_pri_pool_ratio: 0.000
  block_cache_compressed: (nil)
  persistent_cache: (nil)
  block_size: 4096
  block_size_deviation: 10
  block_restart_interval: 16
  index_block_restart_interval: 1
  metadata_block_size: 4096
  partition_filters: 0
  use_delta_encoding: 1
  filter_policy: nullptr
  whole_key_filtering: 1
  verify_compression: 0
  read_amp_bytes_per_bit: 0
  format_version: 4
  enable_index_compression: 1
  block_align: 0
2021/09/18-17:47:07.582550 7fbdf7e5dc80        Options.write_buffer_size: 268435456
2021/09/18-17:47:07.582552 7fbdf7e5dc80  Options.max_write_buffer_number: 8
2021/09/18-17:47:07.582554 7fbdf7e5dc80          Options.compression: NoCompression
2021/09/18-17:47:07.582556 7fbdf7e5dc80                  Options.bottommost_compression: Disabled
2021/09/18-17:47:07.582558 7fbdf7e5dc80       Options.prefix_extractor: nullptr
2021/09/18-17:47:07.582560 7fbdf7e5dc80   Options.memtable_insert_with_hint_prefix_extractor: nullptr
2021/09/18-17:47:07.582562 7fbdf7e5dc80             Options.num_levels: 7
2021/09/18-17:47:07.582564 7fbdf7e5dc80        Options.min_write_buffer_number_to_merge: 1
2021/09/18-17:47:07.582566 7fbdf7e5dc80     Options.max_write_buffer_number_to_maintain: 0
2021/09/18-17:47:07.582567 7fbdf7e5dc80     Options.max_write_buffer_size_to_maintain: 0
2021/09/18-17:47:07.582569 7fbdf7e5dc80            Options.bottommost_compression_opts.window_bits: -14
2021/09/18-17:47:07.582571 7fbdf7e5dc80                  Options.bottommost_compression_opts.level: 32767
2021/09/18-17:47:07.582573 7fbdf7e5dc80               Options.bottommost_compression_opts.strategy: 0
2021/09/18-17:47:07.582575 7fbdf7e5dc80         Options.bottommost_compression_opts.max_dict_bytes: 0
2021/09/18-17:47:07.582576 7fbdf7e5dc80         Options.bottommost_compression_opts.zstd_max_train_bytes: 0
2021/09/18-17:47:07.582578 7fbdf7e5dc80         Options.bottommost_compression_opts.parallel_threads: 1
2021/09/18-17:47:07.582580 7fbdf7e5dc80                  Options.bottommost_compression_opts.enabled: false
2021/09/18-17:47:07.582582 7fbdf7e5dc80            Options.compression_opts.window_bits: -14
2021/09/18-17:47:07.582584 7fbdf7e5dc80                  Options.compression_opts.level: 32767
2021/09/18-17:47:07.582586 7fbdf7e5dc80               Options.compression_opts.strategy: 0
2021/09/18-17:47:07.582588 7fbdf7e5dc80         Options.compression_opts.max_dict_bytes: 0
2021/09/18-17:47:07.582589 7fbdf7e5dc80         Options.compression_opts.zstd_max_train_bytes: 0
2021/09/18-17:47:07.582591 7fbdf7e5dc80         Options.compression_opts.parallel_threads: 1
2021/09/18-17:47:07.582593 7fbdf7e5dc80                  Options.compression_opts.enabled: false
2021/09/18-17:47:07.582626 7fbdf7e5dc80      Options.level0_file_num_compaction_trigger: 4
2021/09/18-17:47:07.582628 7fbdf7e5dc80          Options.level0_slowdown_writes_trigger: 20
2021/09/18-17:47:07.582630 7fbdf7e5dc80              Options.level0_stop_writes_trigger: 36
2021/09/18-17:47:07.582631 7fbdf7e5dc80                   Options.target_file_size_base: 107374182
2021/09/18-17:47:07.582633 7fbdf7e5dc80             Options.target_file_size_multiplier: 1
2021/09/18-17:47:07.582635 7fbdf7e5dc80                Options.max_bytes_for_level_base: 1073741824
2021/09/18-17:47:07.582637 7fbdf7e5dc80 Options.level_compaction_dynamic_level_bytes: 0
2021/09/18-17:47:07.582639 7fbdf7e5dc80          Options.max_bytes_for_level_multiplier: 10.000000
2021/09/18-17:47:07.582643 7fbdf7e5dc80 Options.max_bytes_for_level_multiplier_addtl[0]: 1
2021/09/18-17:47:07.582645 7fbdf7e5dc80 Options.max_bytes_for_level_multiplier_addtl[1]: 1
2021/09/18-17:47:07.582647 7fbdf7e5dc80 Options.max_bytes_for_level_multiplier_addtl[2]: 1
2021/09/18-17:47:07.582648 7fbdf7e5dc80 Options.max_bytes_for_level_multiplier_addtl[3]: 1
2021/09/18-17:47:07.582650 7fbdf7e5dc80 Options.max_bytes_for_level_multiplier_addtl[4]: 1
2021/09/18-17:47:07.582652 7fbdf7e5dc80 Options.max_bytes_for_level_multiplier_addtl[5]: 1
2021/09/18-17:47:07.582654 7fbdf7e5dc80 Options.max_bytes_for_level_multiplier_addtl[6]: 1
2021/09/18-17:47:07.582655 7fbdf7e5dc80       Options.max_sequential_skip_in_iterations: 8
2021/09/18-17:47:07.582657 7fbdf7e5dc80                    Options.max_compaction_bytes: 2684354550
2021/09/18-17:47:07.582659 7fbdf7e5dc80                        Options.arena_block_size: 33554432
2021/09/18-17:47:07.582661 7fbdf7e5dc80   Options.soft_pending_compaction_bytes_limit: 68719476736
2021/09/18-17:47:07.582663 7fbdf7e5dc80   Options.hard_pending_compaction_bytes_limit: 274877906944
2021/09/18-17:47:07.582665 7fbdf7e5dc80       Options.rate_limit_delay_max_milliseconds: 100
2021/09/18-17:47:07.582667 7fbdf7e5dc80                Options.disable_auto_compactions: 0
2021/09/18-17:47:07.582669 7fbdf7e5dc80                        Options.compaction_style: kCompactionStyleLevel
2021/09/18-17:47:07.582672 7fbdf7e5dc80                          Options.compaction_pri: kMinOverlappingRatio
2021/09/18-17:47:07.582674 7fbdf7e5dc80 Options.compaction_options_universal.size_ratio: 1
2021/09/18-17:47:07.582675 7fbdf7e5dc80 Options.compaction_options_universal.min_merge_width: 2
2021/09/18-17:47:07.582677 7fbdf7e5dc80 Options.compaction_options_universal.max_merge_width: 4294967295
2021/09/18-17:47:07.582679 7fbdf7e5dc80 Options.compaction_options_universal.max_size_amplification_percent: 200
2021/09/18-17:47:07.582681 7fbdf7e5dc80 Options.compaction_options_universal.compression_size_percent: -1
2021/09/18-17:47:07.582683 7fbdf7e5dc80 Options.compaction_options_universal.stop_style: kCompactionStopStyleTotalSize
2021/09/18-17:47:07.582685 7fbdf7e5dc80 Options.compaction_options_fifo.max_table_files_size: 1073741824
2021/09/18-17:47:07.582687 7fbdf7e5dc80 Options.compaction_options_fifo.allow_compaction: 0
2021/09/18-17:47:07.582695 7fbdf7e5dc80                   Options.table_properties_collectors: 
2021/09/18-17:47:07.582697 7fbdf7e5dc80                   Options.inplace_update_support: 0
2021/09/18-17:47:07.582698 7fbdf7e5dc80                 Options.inplace_update_num_locks: 10000
2021/09/18-17:47:07.582700 7fbdf7e5dc80               Options.memtable_prefix_bloom_size_ratio: 0.000000
2021/09/18-17:47:07.582703 7fbdf7e5dc80               Options.memtable_whole_key_filtering: 0
2021/09/18-17:47:07.582704 7fbdf7e5dc80   Options.memtable_huge_page_size: 0
2021/09/18-17:47:07.582706 7fbdf7e5dc80                           Options.bloom_locality: 0
2021/09/18-17:47:07.582708 7fbdf7e5dc80                    Options.max_successive_merges: 0
2021/09/18-17:47:07.582710 7fbdf7e5dc80                Options.optimize_filters_for_hits: 0
2021/09/18-17:47:07.582711 7fbdf7e5dc80                Options.paranoid_file_checks: 0
2021/09/18-17:47:07.582713 7fbdf7e5dc80                Options.force_consistency_checks: 1
2021/09/18-17:47:07.582729 7fbdf7e5dc80                Options.report_bg_io_stats: 0
2021/09/18-17:47:07.582731 7fbdf7e5dc80                               Options.ttl: 2592000
2021/09/18-17:47:07.582733 7fbdf7e5dc80          Options.periodic_compaction_seconds: 2592000
2021/09/18-17:47:07.582735 7fbdf7e5dc80                    Options.enable_blob_files: false
2021/09/18-17:47:07.582737 7fbdf7e5dc80                        Options.min_blob_size: 0
2021/09/18-17:47:07.582738 7fbdf7e5dc80                       Options.blob_file_size: 268435456
2021/09/18-17:47:07.582740 7fbdf7e5dc80                Options.blob_compression_type: NoCompression
2021/09/18-17:47:07.582742 7fbdf7e5dc80       Options.enable_blob_garbage_collection: false
2021/09/18-17:47:07.582744 7fbdf7e5dc80   Options.blob_garbage_collection_age_cutoff: 0.250000
2021/09/18-17:47:07.582791 7fbdf7e5dc80 [db/db_impl/db_impl.cc:2658] Created column family [dead_slots] (ID 2)
2021/09/18-17:47:07.586996 7fbdf7e5dc80 [db/column_family.cc:597] --------------- Options for column family [duplicate_slots]:
2021/09/18-17:47:07.587004 7fbdf7e5dc80               Options.comparator: leveldb.BytewiseComparator
2021/09/18-17:47:07.587006 7fbdf7e5dc80           Options.merge_operator: None
2021/09/18-17:47:07.587007 7fbdf7e5dc80        Options.compaction_filter: None
2021/09/18-17:47:07.587009 7fbdf7e5dc80        Options.compaction_filter_factory: purged_slot_filter_factory(duplicate_slots)
2021/09/18-17:47:07.587011 7fbdf7e5dc80  Options.sst_partitioner_factory: None
2021/09/18-17:47:07.587012 7fbdf7e5dc80         Options.memtable_factory: SkipListFactory
2021/09/18-17:47:07.587013 7fbdf7e5dc80            Options.table_factory: BlockBasedTable
2021/09/18-17:47:07.587052 7fbdf7e5dc80            table_factory options:   flush_block_policy_factory: FlushBlockBySizePolicyFactory (0x563c42b86290)
  cache_index_and_filter_blocks: 0
  cache_index_and_filter_blocks_with_high_priority: 1
  pin_l0_filter_and_index_blocks_in_cache: 0
  pin_top_level_index_and_filter: 1
  index_type: 0
  data_block_index_type: 0
  index_shortening: 1
  data_block_hash_table_util_ratio: 0.750000
  hash_index_allow_collision: 1
  checksum: 1
  no_block_cache: 0
  block_cache: 0x563c42b862e0
  block_cache_name: LRUCache
  block_cache_options:
    capacity : 8388608
    num_shard_bits : 4
    strict_capacity_limit : 0
    memory_allocator : None
    high_pri_pool_ratio: 0.000
  block_cache_compressed: (nil)
  persistent_cache: (nil)
  block_size: 4096
  block_size_deviation: 10
  block_restart_interval: 16
  index_block_restart_interval: 1
  metadata_block_size: 4096
  partition_filters: 0
  use_delta_encoding: 1
  filter_policy: nullptr
  whole_key_filtering: 1
  verify_compression: 0
  read_amp_bytes_per_bit: 0
  format_version: 4
  enable_index_compression: 1
  block_align: 0
2021/09/18-17:47:07.587054 7fbdf7e5dc80        Options.write_buffer_size: 268435456
2021/09/18-17:47:07.587056 7fbdf7e5dc80  Options.max_write_buffer_number: 8
2021/09/18-17:47:07.587057 7fbdf7e5dc80          Options.compression: NoCompression
2021/09/18-17:47:07.587059 7fbdf7e5dc80                  Options.bottommost_compression: Disabled
2021/09/18-17:47:07.587060 7fbdf7e5dc80       Options.prefix_extractor: nullptr
2021/09/18-17:47:07.587062 7fbdf7e5dc80   Options.memtable_insert_with_hint_prefix_extractor: nullptr
2021/09/18-17:47:07.587063 7fbdf7e5dc80             Options.num_levels: 7
2021/09/18-17:47:07.587064 7fbdf7e5dc80        Options.min_write_buffer_number_to_merge: 1
2021/09/18-17:47:07.587066 7fbdf7e5dc80     Options.max_write_buffer_number_to_maintain: 0
2021/09/18-17:47:07.587067 7fbdf7e5dc80     Options.max_write_buffer_size_to_maintain: 0
2021/09/18-17:47:07.587068 7fbdf7e5dc80            Options.bottommost_compression_opts.window_bits: -14
2021/09/18-17:47:07.587070 7fbdf7e5dc80                  Options.bottommost_compression_opts.level: 32767
